42140909
42143033
42143058
42145274
42149830
42151109
42151416
42151442
42151982
42152039
42152108
42152146
42152185
42156536
42156563
42156564
42156711
42156723
42160045
42160062
42160071
42161924
42161933
42161946
42162224
42162964
42165096
42166739
42167238
42167304
42168148
42168162
42168165
42168170
42168580
42168587
42169156
42172593
42173091
42173842
42173843
42173846
42173856
42173859
42174026
42174697
42174728
42177199
42177542
42177580
42178226
42178345
42178371
42178383
42178392
42178579
42179160
42179166
42185252
42185254
42185531
42185532
42185625
42185639
